314888
354220
337741
295872
350232
286951
289981
314835
295425
305952
320380
367891
318185
322026
350523
315696
299062
314502
281221
413793
305928
369961
305733
304584
303715
297109
361243
362502
336387
292890
298309
356262
357381
284243
300862
362604
319547
339571
308630
287056
340085
305660
291627
324784
324481
309096
314817
320296
321588
314842
314778
364940
315701
287206
322136
354181
354015
349980
342531
346714
304443
354984
365790
305050
337769
366888
299696
337955
302373
359482
345846
298858
303722
300470
407710
299776
305963
300012
319372
326646
299749
367498
247183
355127
369828
339319
303552
228345
324898
297090
251445
309095
286738
341887
283104
326626
362170
337649
317600
366890
322621
285978
302311
292843
355063
304580
340312
313764
298523
321670
359748
302313
291784
353880
337332
339478
350521
292820
354885
344058
305424
305552
362851
367507
338639
350290
366984
304442
305687
344636
339180
283097
324690
297160
324362
365950
324663
283164
289255
286344
359461
314567
314813
343378
318404
288512
360609
282729
344601
298584
298562
313752
343892
286944
298336
369937
319525
315853
352585
304476
365719
281157
314531
358931
354208
305325
353983
357845
287007
299156
352524
373608
302766
308577
340165
308597
251702
300845
297258
352735
347687
324634
341574
319461
299782
251485
366054
314750
364482
373001
298378
318598
326898
305993
349898
298990
321653
289230
295362
338712
349519
298436
339602
298338
282483
356326
359505
286945
342667
365683
283002
303036
298340
295814
337532
298175
289174
289139
284296
355729
298568
349549
346699
305766
305610
339004
352954
339168
365467
354992
284723
247203
326674
342456
282356
321726
341852
314797
227978
342627
341418
298002
300542
340343
340197
326519
317486
365901
349534
285226
305458
358419
349904
358985
358934
358956
318885
367275
322511
314570
235221
291953
353484
370838
353952
315931
323012
357883
302278
359269
303592
305413
309171
326575
296118
322589
290042
349453
286922
364911
360461
300462
303535
285935
292877
303698
336123
341609
355036
315903
300522
354074
298212
302988
296971
336966
319309
337556
324280
297312
365177
282325
306343
291893
300856
300443
323382
320108
355709
339160
359412
324732
365393
360662
227861
295871
308613
322004
322625
339360
309007
322083
298278
366025
322934
352745
299816
339249
341581
317493
309055
352486
339112
285213
307136
342022
319334
344716
370825
353530
318260
322894
323007
298685
372846
306350
316090
360505
298702
361218
247202
304486
306330
340320
319504
364479
288326
304619
322682
305995
298765
286776
313923
339351
355777
305353
305573
324731
343900
309363
322261
365952
326600
357847
322462
364477
304604
349765
321731
299733
313800
358983
354874
361431
320373
348429
324671
315858
344671
359623
298789
304404
339750
336004
287742
368084
413659
352793
339609
299151
324248
319303
350057
353539
296059
282350
323398
287233
368082
359398
357848
372975
339013
302256
303739
315879
303661
341697
366168
323001
315660
349934
413762
348450
302774
305601
305842
360637
284164
282627
319411
356559
299745
282796
295956
305743
322616
350024
308631
341667
372005
355743
352523
349849
289156
306301
227868
321693
305752
336937
350502
342821
319659
339219
286339
309147
314767
302180
342195
361381
354936
324928
338826
356274
304995
341669
343980
321758
296645
349470
309121
358968
298456
322492
323425
371645
342824
283090
317504
287089
285212
349851
359363
339832
341935
348351
304963
354082
324827
366105
354188
243365
291707
342607
322920
302029
342861
308599
308616
364912
354935
322592
353921
337883
360625
305003
283647
361907
313921
282363
353945
350067
368016
306280
304507
366864
362360
298316
344047
318256
322912
318285
340217
365936
314575
285976
291701
298292
360626
287230
338161
413656
324352
314457
366992
304500
360795
362680
305943
299099
338741
326678
342289
337882
364907
286345
297157
305853
350194
287187
