30002
31297
32052
32826
30232
31316
30175
31115
31557
31263
30889
31795
31859
32351
32458
32619
30071
32732
32894
30433
32255
30861
32356
30093
31945
32156
31274
31286
32056
30748
32401
32331
32810
32233
30016
31726
32868
31327
32541
32102
30833
32315
30253
32688
31827
32475
31044
32838
31947
30447
32638
32916
32494
31463
32584
31828
30773
30804
31301
32361
32526
31437
31676
32517
31819
31786
32353
30479
30618
31385
32042
31076
32674
32857
32243
31043
31388
32100
31320
30470
32381
32110
31047
32147
30483
30204
32093
31318
32343
30781
32436
32643
30401
31448
30855
32891
31123
31379
32086
31960
31492
30613
32346
31822
30128
31711
32040
32785
32174
32538
31361
30440
31422
32790
30762
31919
31768
32403
31109
32280
31605
30511
32661
32591
30078
32090
30853
30899
32806
30166
31719
31688
32713
30967
31396
31978
32903
31352
32672
32370
30507
30165
30719
32535
30949
32132
31538
30288
30206
31770
31292
31999
30291
31847
32344
32529
31038
30688
32525
32817
30119
31340
32024
31330
32723
31667
32211
31637
32519
30754
31393
31696
30630
30040
31087
31398
32536
32208
32602
30115
30064
31246
31098
32558
32597
32237
32816
31992
32456
31608
31977
31390
30579
32626
30157
31332
30325
32324
30474
31965
32667
30948
30976
32004
30182
31434
30798
32030
30018
30428
31648
31268
30519
31666
31124
32749
32599
30392
32905
32311
31368
32427
30485
30049
30097
30847
30061
30289
31184
31175
31097
31939
31839
32007
32835
30320
32095
32407
30304
32011
31704
32340
30442
30185
30961
31872
31144
30207
31931
32649
30073
31549
31950
31008
31443
31461
30390
30768
30962
32609
31835
30235
32038
31516
32730
32660
32433
32250
31718
31439
32766
31359
30706
32278
32402
31293
32487
32118
31892
30459
32028
32845
32053
32580
31284
31774
32091
32434
31860
30757
30319
31622
32802
32650
32180
31924
30607
31381
31421
32194
31257
31188
32253
31096
32057
32337
32830
31748
31342
30272
32814
32016
30099
30346
31638
32165
30528
30923
30259
31315
31909
31614
32896
32044
32769
32449
30682
32105
30103
32675
32687
30135
32832
32762
31953
30260
31476
30136
31450
31156
32569
30750
31172
32571
31889
31789
31067
31495
31543
32551
32761
32853
30699
31238
30387
31212
31035
30968
31635
31805
30101
31730
30287
31424
32598
31276
32191
32653
31462
30069
32691
32398
30805
32731
32746
31118
32027
31408
30738
30534
31095
31091
31613
30432
31660
31808
30110
32831
31694
30031
32625
31108
31911
30801
31009
31013
30282
30312
31987
30231
32185
32081
30828
31998
32033
32390
31961
30576
31387
32737
30873
32367
32583
32741
31663
30311
31650
30118
31106
32392
31601
30385
31701
31642
31333
30548
30926
32462
30755
32226
30030
32751
30161
30857
31235
32657
30640
31812
31216
32010
32631
30439
31151
32559
30020
31886
30243
31196
32655
32089
31598
31251
31266
32777
30766
32567
32432
32415
30431
30760
32087
31556
32725
31081
30408
32196
31899
31790
30252
32824
31194
32543
31146
31418
32847
32112
32352
30692
32898
32103
31775
31375
32511
30506
31687
30852
32630
31975
30957
32701
30606
32445
31949
32808
32082
32291
32615
32573
31420
30499
32167
31657
32780
30258
32768
31525
30594
32690
31826
30043
30328
32886
32568
32703
31724
32555
32347
31242
30013
32710
31769
30034
32047
31228
32144
30872
32322
30780
30732
30744
32542
30954
31728
31127
31157
31280
32227
32062
31787
31133
32166
30048
32911
32245
31400
30035
30382
31560
31521
30508
31336
31281
30393
30714
31800
31840
30953
32068
30624
32441
32406
30023
32262
32744
30414
31016
32822
31154
32002
32116
30920
31677
31612
30596
30052
32399
32235
32428
32078
32664
31625
31071
32459
30680
30662
32610
31894
32740
32590
32890
30028
30956
32680
32019
31224
32049
32804
30164
32486
31272
30068
